217 248
214 272
212 297
211 321
217 344
230 363
247 380
266 397
288 406
311 404
333 392
355 379
373 361
383 340
388 318
392 294
395 272
236 230
249 220
265 219
280 223
293 231
334 236
350 232
366 234
380 242
387 256
313 253
311 269
309 284
307 300
284 303
293 309
304 315
315 313
324 310
255 247
266 243
277 246
287 254
275 253
264 251
334 263
345 258
356 259
365 267
355 267
345 265
254 323
272 322
290 324
301 328
314 328
330 331
343 338
327 353
310 358
297 357
284 354
268 343
259 325
288 330
300 334
313 334
337 338
312 348
298 347
286 344
